f_4(t) =
-176214240831344917010311809245247766804908265665909870867131369504841
0170784896824088490699756962375691813224120056661488171651367328038687
1983922945409981963814510145054080214178419174831933754415406997268475
0100920000537373548881225764643919702365007507693146296879248287837228
3182279771141471870691404194271806084791386851576297720730180814686557
9767216260521857023491835123230999786405323476157889682241532194459330
5294614521223351919737909183271811697473300039803427311222940148940670
7233310928970605232030984138184796887627779068771679858991424014776094
6714032954831487760843345619401068894433824262364660154272723827292292
2980875741106696436126981603314696085879541098000387201841410586522410
2489123969392306877088195997362390395860789201904004988912109555023393
9781873047229648027412640264450276923400018241261126109042054071767686
7100657302635988950345590261408640380277613545891877218152817897764967
4112608685804487755108958059861274401235434492444086580132437776300025
6014984047154091434586658589150770359991404980225564611718855603544745
6002431905178673601533559963547032319863012745851047837072094161354036
9915150630191995384983656423101521569356788263059930665443837281134399
0997233108413113599062063552116011244484893481580803484353422255601701
0260304884193174032652228908906718959916190502125641575687349635014895
6901871431248734841431727496126773749826256820761482826667357125622309
7471775548439525272903030082056629243908323554347542588341615055993931
6875941486149581522609413381526308128455531775866311374306978289460152
8334930356805781858589543662970853181219736825636588737845465093745628
1070371682320916742131612671792078255363683459791213816631494429071636
3076600061785245467368693529145586914898813045822016750182389560184295
257955211940908424060938357869248002067659751424 + 
   3438246563647500327219287575929509274074487647636193533880496579434
0362014981812221736361022310524104840020205822332751703317652165552056
6115740136279378696302095485083396287192771711420042957747207987826777
4133744101778740654241557839699838585344865795958851538857632476148539
9695280740445118365677618634712497465252530466259375716299659699118975
4177613704059264155953803162422973053047398249263056535455035764952391
7411269551148478049446665629544566314445186019041748983296515404012014
8119714557807923103094869400482353787276896661300407650315663362363649
7801741609159980162344283014049070158312703901393410306521148498460691
2617196526603069841768081587428286290944938382082546435156524285760085
9434782120249388700238070812191521139144649565557905400524854889451879
7888548620957664637410259844637915586423720303650921905126867158146856
9021318274687554421903018193989904050557614662967192803962409900551724
9802288981365235547703978945373755161838254808065062420847779521489984
6897892389579733091117497330481814127530765652165411072456898191928613
9097800214827878935294019952576127951882385948487237124901072488231766
6392367175033269266419004216146869340818744803854291001602939951188350
2032361593282226454791668788327812341043984942222498190881510657472105
4722814031832634174784495785969460046718542693188714631158409290662046
8059026207676506720848145153343282040038123342473545956689656806678362
8662745972340719019892550845949962196633062818928564037592752517250072
4486887980212517397738808208962886778579342047517299832159538156055734
0192645790032279595370426144953546955807242019673271332075091599084131
87134463073642518546053332992 t + 
   1577541909885320318220316358486723978938175948814146260865152131527
3333868729905688020521684180586191977580717891722003483883539575492562
9433639305501326206659606476792170118336422438608008589438951366288005
4881851403278103493295512254614540464749264148588159498309443591696531
5551549861979928946554757550404620906311247093698354190253775984362471
9221636842897750825115743784165511390553417201533890248002993442028945
3506780915683881556203465509383929829636226315240332611486820372867296
6169127743593645824497291094493916843667265070381861485884152786340865
2638192457552561816462111560764285351211773282650989408302033150196094
4981133934779303228475251872625668414501205561895141641134017641427147
0984843429233078975976484140421977872414289604468133819880464856517063
1107794589191487715065350640064186585493479908190556537963555212530156
7239878244336414942267894564978407193670024818017935274103092803475522
6546000343377500815913668821354240793460200599961380640320519556071152
5359706218755244391746509425131265643672781476395428648976149904362986
9348970325593927174610879756410389599066454154441633997953395202093667
7343956092333092628976746190542652325043421206581227944306294241835245
9140406329834469200943256716510661446363382145440056931777658098794216
6724766722926842870269097693952770812130026617849299954538734268730494
9811335907241228200184874320333775744320388387049301444755447158986230
828887032744699887804100789220044961541109728713858248796134178816 
t^2 + 2169829105451248997721936022786432323395941929574134768843401999
7362291836400670229222247625185726799111069283410535794755881195371920
8579192758927733338698254542599863408611794800389184694965455442484334
9720580983237332720319552437901901847450096118951611310536093668034371
0407466625236656132187835147360715468838829524275951023511044959774733
9649457693592993289938294738169455019297991347497905066767879997713207
2814575204749906294484226750493220617359643680108421131757666499969638
3100095447349614249580110679408960552391413208250017067998976184745434
8216826079320773188458629537542589338079717085604226173609401731919864
4104334695310496769248585539280311809352489599647592288593732502970335
5967045183460791021601983935801885907913205134359798751259573224046284
0199429012231751991902673161775118773343246140868883920838773700052109
3800428626726831494541509585736107704699970649733015298293662106307652
9302061136720570663823969421236830402359327592918439731049340451887054
7691210420821319951043773203395792033508691894164600595694925717941181
2085359498293371528694494400067203150275268687293826047374112244113278
3837474984432841919823143760423871485316956498263329402563666198349892
5511556065670730031639774557208724549174120420853108794754688992880757
093096967251642551776916304392355840 t^3 - 
   7610753728237021746409376969036161793737210023985023981331088941733
3447894598407653525489827245775957537537563329906646907047629489984585
4419892714819160540247796287557212747621858233997799794996972662054351
5790957641132405372277466117280140489850829357299037162146969276524286
8676881826540851706901568374266238784744856697018524980994594726785293
7499325076833130458983133809142787208627346984646136043308461748078204
7237197249637353693829233289748505524672142008891262760369382357925758
0681638146698615795740951885886439120140676283845437880785339537442194
7764583893910985920950151046845934525913889355140091282358459215869093
8580408895222347017309437165398721473125186184522655952789449928365983
3480913810687773294484694953581467454090806379502452657082541497331075
7852837845402580911390147525521970615121543252860872556756853533681641
0624058207366983861695416580235819580417882587310277614859666268353599
6719372971457274677081244470043735201843600826962166521907553457265961
6543304844289832210296304914405617510732692571248085616403314046593046
657369839889983602297922836724973568 t^4 + 
   1196610192122679491603316859455384454426020449638841929865910709054
2999966382508923508000803603869546345768177165200456198985777985194380
8216642633660439703183558667936630712433009421694017475290956697195383
7250566660365111551488095920724585319439969329561744847546844531547842
0158887003913174622518561590755549562907257862073900247538310817828365
3197582391796818834415807867924246621806881110179270571004898783735968
9976600249725544119091096430434956495307856608805843208486023354113390
7915205935563789457358522100709999645851635716774674405947296179441197
0144893995843246559854721810762793240790148119276184347149187819964362
8079773423338897231171355558427618196487395752975910590021946527807315
1805610194018868161590916976992985735243611628205210275469488708122250
0912393433782245012220027411217910779289322255817815194064810284932529
6340014584970828279020075216973367533497 t^5 + 
   9869671775846543859284242795553311800286011347736800294433167916597
1100202038501589184045504782323065096529813681087161090832082083303544
3117337477306517387142976270866024454063832379905210371741640116692338
3119941090643366900346540513422075050720782271511469514152215687092078
6309731053848688813557916491479178218990955259131640284788197463307745
9729239582366517932825781469228115741609786925512030296113311902692220
9256736967473623813038031759998768757128525556268539675859429515856139
4483613876348733391487748245232762008600985750401095154724424206433629
6073020516367468316975115450849048082236831300529052947745429216809931
302026628441126152252257124520 t^6 + 
   6174654189770078514302709398236464545954078126055253375972964028043
6025991935501340912762951552692186693537002030249050602719498212816166
9678892471429205414846319154855234881342568712700436925770133871334963
7547910047527862914468330759360663447333012929853754527870461357827310
6197978552524511525516257037015844555051360013597665441847573737365421
2756538381586625474800617487377341671964715856243551652061115607567103
490178065530316824618 t^7 + 
   9022489000470979314260522951530742295402916671060775676588231129347
3596892598618814407319603324549879262041194530003913927589509689358859
9678883390062024757883602933305624999285846009587062293265054516859004
968552138760 t^8 + t^9;

R_4=
[ -5842471605978758563547667566553635144352746125269838457444291393556
9996959851204500864803979958912721021280875702273503530154807821866481
0714982182374315487986655739039992430386580390564898269611287127675248
63459391765382807/65536,
   -29212358029893792817738337832768175721763730626349192287221456967784
9984799256022504324019899794563605106404378511367517650774039109332405
3574910911871577439933278695199962151932901952824491348056435638376243
1729695882691403/32768;
   -35844155748212858995668262592124857870210400469474604273099
8086996781081464041037733740432281743603900091820755683396737320516385
0931144123509371805623803057223921921568160600404042773973980279984843
5142070986641218135759109/65536,  
   -89610389370532147489170656480312144675526001173686510682749
5217491952703660102594334351080704359009750229551889208491843301290962
7327860308773429514059507643059804803920401501010106934934950699962108
785517746660304533939777/16384];
